===SAMPLE RUN #1 ===
How many numbers (no less than 10)?
12
Starting with: 
48 37 24 68 19 47 36 95 28 97 11 46 
No more pairs to remove.
Shuffling the numbers.
The list after shuffling #1
28 48 11 46 19 47 37 36 97 24 95 68 
	 Removed: 28 48
The list after pass #1
11 46 19 47 37 36 97 24 95 68 
	 Removed: 47 37
The list after pass #2
11 46 19 36 97 24 95 68 
No more pairs to remove.
Shuffling the numbers.
The list after shuffling #2
36 11 19 24 68 95 46 97 
	 Removed: 11 19
The list after pass #3
36 24 68 95 46 97 
No more pairs to remove.
Shuffling the numbers.
The list after shuffling #3
24 46 68 97 95 36 
	 Removed: 24 46
The list after pass #4
68 97 95 36 
	 Removed: 97 95
The list after pass #5
68 36 
	 Removed: 68 36
The list after pass #6
List is empty
No more pairs to remove.

*** Winner!!! ***



=== SAMPLE RUN #2 ===
How many numbers (no less than 10)?
45
Starting with: 
79 29 59 68 65 16 58 69 38 82 67 77 58 50 66 42 81 55 33 25 39 43 19 27 35 36 52 28 83 10 20 59 72 91 28 44 28 56 67 82 63 25 34 55 34 
	 Removed: 79 29
The list after pass #1
59 68 65 16 58 69 38 82 67 77 58 50 66 42 81 55 33 25 39 43 19 27 35 36 52 28 83 10 20 59 72 91 28 44 28 56 67 82 63 25 34 55 34 
	 Removed: 68 65
The list after pass #2
59 16 58 69 38 82 67 77 58 50 66 42 81 55 33 25 39 43 19 27 35 36 52 28 83 10 20 59 72 91 28 44 28 56 67 82 63 25 34 55 34 
	 Removed: 38 82
The list after pass #3
59 16 58 69 67 77 58 50 66 42 81 55 33 25 39 43 19 27 35 36 52 28 83 10 20 59 72 91 28 44 28 56 67 82 63 25 34 55 34 
	 Removed: 69 67
The list after pass #4
59 16 58 77 58 50 66 42 81 55 33 25 39 43 19 27 35 36 52 28 83 10 20 59 72 91 28 44 28 56 67 82 63 25 34 55 34 
	 Removed: 58 50
The list after pass #5
59 16 58 77 66 42 81 55 33 25 39 43 19 27 35 36 52 28 83 10 20 59 72 91 28 44 28 56 67 82 63 25 34 55 34 
	 Removed: 39 43
The list after pass #6
59 16 58 77 66 42 81 55 33 25 19 27 35 36 52 28 83 10 20 59 72 91 28 44 28 56 67 82 63 25 34 55 34 
	 Removed: 35 36
The list after pass #7
59 16 58 77 66 42 81 55 33 25 19 27 52 28 83 10 20 59 72 91 28 44 28 56 67 82 63 25 34 55 34 
	 Removed: 27 52
The list after pass #8
59 16 58 77 66 42 81 55 33 25 19 28 83 10 20 59 72 91 28 44 28 56 67 82 63 25 34 55 34 
	 Removed: 28 83
The list after pass #9
59 16 58 77 66 42 81 55 33 25 19 10 20 59 72 91 28 44 28 56 67 82 63 25 34 55 34 
	 Removed: 19 10
The list after pass #10
59 16 58 77 66 42 81 55 33 25 20 59 72 91 28 44 28 56 67 82 63 25 34 55 34 
	 Removed: 25 20
The list after pass #11
59 16 58 77 66 42 81 55 33 59 72 91 28 44 28 56 67 82 63 25 34 55 34 
	 Removed: 56 67
The list after pass #12
59 16 58 77 66 42 81 55 33 59 72 91 28 44 28 82 63 25 34 55 34 
	 Removed: 28 82
The list after pass #13
59 16 58 77 66 42 81 55 33 59 72 91 28 44 63 25 34 55 34 
No more pairs to remove.
Shuffling the numbers.
The list after shuffling #1
33 63 16 34 42 58 72 59 55 34 44 28 91 55 66 25 59 81 77 
	 Removed: 33 63
The list after pass #14
16 34 42 58 72 59 55 34 44 28 91 55 66 25 59 81 77 
	 Removed: 34 42
The list after pass #15
16 58 72 59 55 34 44 28 91 55 66 25 59 81 77 
	 Removed: 59 55
The list after pass #16
16 58 72 34 44 28 91 55 66 25 59 81 77 
	 Removed: 34 44
The list after pass #17
16 58 72 28 91 55 66 25 59 81 77 
	 Removed: 72 28
The list after pass #18
16 58 91 55 66 25 59 81 77 
	 Removed: 25 59
The list after pass #19
16 58 91 55 66 81 77 
No more pairs to remove.
Shuffling the numbers.
The list after shuffling #2
66 81 55 91 58 16 77 
No more pairs to remove.
Shuffling the numbers.
The list after shuffling #3
58 91 55 77 16 66 81 
	 Removed: 16 66
The list after pass #20
58 91 55 77 81 
No more pairs to remove.
Shuffling the numbers.
The list after shuffling #4
91 55 58 77 81 
	 Removed: 55 58
The list after pass #21
91 77 81 
No more pairs to remove.
Shuffling the numbers.
The list after shuffling #5
77 81 91 
	 Removed: 81 91
The list after pass #22
77 
No more pairs to remove.

*** Better luck next time! ***





=== SAMPLE RUN #3 ===
How many numbers (no less than 10)?
99
Starting with: 
53 54 27 14 52 74 41 13 41 71 46 82 10 31 83 55 55 43 35 71 39 68 11 20 77 58 43 82 43 46 39 71 35 57 77 93 17 26 81 24 31 69 71 91 58 66 29 89 53 46 18 92 79 95 14 29 10 94 89 50 43 15 16 14 39 25 18 43 37 45 84 70 56 14 86 81 95 58 83 71 91 58 95 62 47 37 41 22 63 67 34 24 27 97 68 53 86 12 46 
	 Removed: 53 54
The list after pass #1
27 14 52 74 41 13 41 71 46 82 10 31 83 55 55 43 35 71 39 68 11 20 77 58 43 82 43 46 39 71 35 57 77 93 17 26 81 24 31 69 71 91 58 66 29 89 53 46 18 92 79 95 14 29 10 94 89 50 43 15 16 14 39 25 18 43 37 45 84 70 56 14 86 81 95 58 83 71 91 58 95 62 47 37 41 22 63 67 34 24 27 97 68 53 86 12 46 
	 Removed: 74 41
The list after pass #2
27 14 52 13 41 71 46 82 10 31 83 55 55 43 35 71 39 68 11 20 77 58 43 82 43 46 39 71 35 57 77 93 17 26 81 24 31 69 71 91 58 66 29 89 53 46 18 92 79 95 14 29 10 94 89 50 43 15 16 14 39 25 18 43 37 45 84 70 56 14 86 81 95 58 83 71 91 58 95 62 47 37 41 22 63 67 34 24 27 97 68 53 86 12 46 
	 Removed: 13 41
The list after pass #3
27 14 52 71 46 82 10 31 83 55 55 43 35 71 39 68 11 20 77 58 43 82 43 46 39 71 35 57 77 93 17 26 81 24 31 69 71 91 58 66 29 89 53 46 18 92 79 95 14 29 10 94 89 50 43 15 16 14 39 25 18 43 37 45 84 70 56 14 86 81 95 58 83 71 91 58 95 62 47 37 41 22 63 67 34 24 27 97 68 53 86 12 46 
	 Removed: 10 31
The list after pass #4
27 14 52 71 46 82 83 55 55 43 35 71 39 68 11 20 77 58 43 82 43 46 39 71 35 57 77 93 17 26 81 24 31 69 71 91 58 66 29 89 53 46 18 92 79 95 14 29 10 94 89 50 43 15 16 14 39 25 18 43 37 45 84 70 56 14 86 81 95 58 83 71 91 58 95 62 47 37 41 22 63 67 34 24 27 97 68 53 86 12 46 
	 Removed: 82 83
The list after pass #5
27 14 52 71 46 55 55 43 35 71 39 68 11 20 77 58 43 82 43 46 39 71 35 57 77 93 17 26 81 24 31 69 71 91 58 66 29 89 53 46 18 92 79 95 14 29 10 94 89 50 43 15 16 14 39 25 18 43 37 45 84 70 56 14 86 81 95 58 83 71 91 58 95 62 47 37 41 22 63 67 34 24 27 97 68 53 86 12 46 
	 Removed: 55 55
The list after pass #6
27 14 52 71 46 43 35 71 39 68 11 20 77 58 43 82 43 46 39 71 35 57 77 93 17 26 81 24 31 69 71 91 58 66 29 89 53 46 18 92 79 95 14 29 10 94 89 50 43 15 16 14 39 25 18 43 37 45 84 70 56 14 86 81 95 58 83 71 91 58 95 62 47 37 41 22 63 67 34 24 27 97 68 53 86 12 46 
	 Removed: 46 43
The list after pass #7
27 14 52 71 35 71 39 68 11 20 77 58 43 82 43 46 39 71 35 57 77 93 17 26 81 24 31 69 71 91 58 66 29 89 53 46 18 92 79 95 14 29 10 94 89 50 43 15 16 14 39 25 18 43 37 45 84 70 56 14 86 81 95 58 83 71 91 58 95 62 47 37 41 22 63 67 34 24 27 97 68 53 86 12 46 
	 Removed: 43 46
The list after pass #8
27 14 52 71 35 71 39 68 11 20 77 58 43 82 39 71 35 57 77 93 17 26 81 24 31 69 71 91 58 66 29 89 53 46 18 92 79 95 14 29 10 94 89 50 43 15 16 14 39 25 18 43 37 45 84 70 56 14 86 81 95 58 83 71 91 58 95 62 47 37 41 22 63 67 34 24 27 97 68 53 86 12 46 
	 Removed: 35 57
The list after pass #9
27 14 52 71 35 71 39 68 11 20 77 58 43 82 39 71 77 93 17 26 81 24 31 69 71 91 58 66 29 89 53 46 18 92 79 95 14 29 10 94 89 50 43 15 16 14 39 25 18 43 37 45 84 70 56 14 86 81 95 58 83 71 91 58 95 62 47 37 41 22 63 67 34 24 27 97 68 53 86 12 46 
	 Removed: 71 77
The list after pass #10
27 14 52 71 35 71 39 68 11 20 77 58 43 82 39 93 17 26 81 24 31 69 71 91 58 66 29 89 53 46 18 92 79 95 14 29 10 94 89 50 43 15 16 14 39 25 18 43 37 45 84 70 56 14 86 81 95 58 83 71 91 58 95 62 47 37 41 22 63 67 34 24 27 97 68 53 86 12 46 
	 Removed: 39 93
The list after pass #11
27 14 52 71 35 71 39 68 11 20 77 58 43 82 17 26 81 24 31 69 71 91 58 66 29 89 53 46 18 92 79 95 14 29 10 94 89 50 43 15 16 14 39 25 18 43 37 45 84 70 56 14 86 81 95 58 83 71 91 58 95 62 47 37 41 22 63 67 34 24 27 97 68 53 86 12 46 
	 Removed: 71 91
The list after pass #12
27 14 52 71 35 71 39 68 11 20 77 58 43 82 17 26 81 24 31 69 58 66 29 89 53 46 18 92 79 95 14 29 10 94 89 50 43 15 16 14 39 25 18 43 37 45 84 70 56 14 86 81 95 58 83 71 91 58 95 62 47 37 41 22 63 67 34 24 27 97 68 53 86 12 46 
	 Removed: 29 89
The list after pass #13
27 14 52 71 35 71 39 68 11 20 77 58 43 82 17 26 81 24 31 69 58 66 53 46 18 92 79 95 14 29 10 94 89 50 43 15 16 14 39 25 18 43 37 45 84 70 56 14 86 81 95 58 83 71 91 58 95 62 47 37 41 22 63 67 34 24 27 97 68 53 86 12 46 
	 Removed: 92 79
The list after pass #14
27 14 52 71 35 71 39 68 11 20 77 58 43 82 17 26 81 24 31 69 58 66 53 46 18 95 14 29 10 94 89 50 43 15 16 14 39 25 18 43 37 45 84 70 56 14 86 81 95 58 83 71 91 58 95 62 47 37 41 22 63 67 34 24 27 97 68 53 86 12 46 
	 Removed: 94 89
The list after pass #15
27 14 52 71 35 71 39 68 11 20 77 58 43 82 17 26 81 24 31 69 58 66 53 46 18 95 14 29 10 50 43 15 16 14 39 25 18 43 37 45 84 70 56 14 86 81 95 58 83 71 91 58 95 62 47 37 41 22 63 67 34 24 27 97 68 53 86 12 46 
	 Removed: 10 50
The list after pass #16
27 14 52 71 35 71 39 68 11 20 77 58 43 82 17 26 81 24 31 69 58 66 53 46 18 95 14 29 43 15 16 14 39 25 18 43 37 45 84 70 56 14 86 81 95 58 83 71 91 58 95 62 47 37 41 22 63 67 34 24 27 97 68 53 86 12 46 
	 Removed: 15 16
The list after pass #17
27 14 52 71 35 71 39 68 11 20 77 58 43 82 17 26 81 24 31 69 58 66 53 46 18 95 14 29 43 14 39 25 18 43 37 45 84 70 56 14 86 81 95 58 83 71 91 58 95 62 47 37 41 22 63 67 34 24 27 97 68 53 86 12 46 
	 Removed: 43 14
The list after pass #18
27 14 52 71 35 71 39 68 11 20 77 58 43 82 17 26 81 24 31 69 58 66 53 46 18 95 14 29 39 25 18 43 37 45 84 70 56 14 86 81 95 58 83 71 91 58 95 62 47 37 41 22 63 67 34 24 27 97 68 53 86 12 46 
	 Removed: 29 39
The list after pass #19
27 14 52 71 35 71 39 68 11 20 77 58 43 82 17 26 81 24 31 69 58 66 53 46 18 95 14 25 18 43 37 45 84 70 56 14 86 81 95 58 83 71 91 58 95 62 47 37 41 22 63 67 34 24 27 97 68 53 86 12 46 
	 Removed: 43 37
The list after pass #20
27 14 52 71 35 71 39 68 11 20 77 58 43 82 17 26 81 24 31 69 58 66 53 46 18 95 14 25 18 45 84 70 56 14 86 81 95 58 83 71 91 58 95 62 47 37 41 22 63 67 34 24 27 97 68 53 86 12 46 
	 Removed: 45 84
The list after pass #21
27 14 52 71 35 71 39 68 11 20 77 58 43 82 17 26 81 24 31 69 58 66 53 46 18 95 14 25 18 70 56 14 86 81 95 58 83 71 91 58 95 62 47 37 41 22 63 67 34 24 27 97 68 53 86 12 46 
	 Removed: 86 81
The list after pass #22
27 14 52 71 35 71 39 68 11 20 77 58 43 82 17 26 81 24 31 69 58 66 53 46 18 95 14 25 18 70 56 14 95 58 83 71 91 58 95 62 47 37 41 22 63 67 34 24 27 97 68 53 86 12 46 
	 Removed: 95 58
The list after pass #23
27 14 52 71 35 71 39 68 11 20 77 58 43 82 17 26 81 24 31 69 58 66 53 46 18 95 14 25 18 70 56 14 83 71 91 58 95 62 47 37 41 22 63 67 34 24 27 97 68 53 86 12 46 
	 Removed: 71 91
The list after pass #24
27 14 52 71 35 71 39 68 11 20 77 58 43 82 17 26 81 24 31 69 58 66 53 46 18 95 14 25 18 70 56 14 83 58 95 62 47 37 41 22 63 67 34 24 27 97 68 53 86 12 46 
	 Removed: 83 58
The list after pass #25
27 14 52 71 35 71 39 68 11 20 77 58 43 82 17 26 81 24 31 69 58 66 53 46 18 95 14 25 18 70 56 14 95 62 47 37 41 22 63 67 34 24 27 97 68 53 86 12 46 
	 Removed: 47 37
The list after pass #26
27 14 52 71 35 71 39 68 11 20 77 58 43 82 17 26 81 24 31 69 58 66 53 46 18 95 14 25 18 70 56 14 95 62 41 22 63 67 34 24 27 97 68 53 86 12 46 
	 Removed: 63 67
The list after pass #27
27 14 52 71 35 71 39 68 11 20 77 58 43 82 17 26 81 24 31 69 58 66 53 46 18 95 14 25 18 70 56 14 95 62 41 22 34 24 27 97 68 53 86 12 46 
	 Removed: 34 24
The list after pass #28
27 14 52 71 35 71 39 68 11 20 77 58 43 82 17 26 81 24 31 69 58 66 53 46 18 95 14 25 18 70 56 14 95 62 41 22 27 97 68 53 86 12 46 
	 Removed: 22 27
The list after pass #29
27 14 52 71 35 71 39 68 11 20 77 58 43 82 17 26 81 24 31 69 58 66 53 46 18 95 14 25 18 70 56 14 95 62 41 97 68 53 86 12 46 
No more pairs to remove.
Shuffling the numbers.
The list after shuffling #1
86 18 58 24 52 20 97 62 71 43 77 14 46 66 46 12 27 58 82 41 53 68 81 56 70 35 39 69 31 18 14 71 17 68 25 11 95 95 14 26 53 
	 Removed: 86 18
The list after pass #30
58 24 52 20 97 62 71 43 77 14 46 66 46 12 27 58 82 41 53 68 81 56 70 35 39 69 31 18 14 71 17 68 25 11 95 95 14 26 53 
	 Removed: 24 52
The list after pass #31
58 20 97 62 71 43 77 14 46 66 46 12 27 58 82 41 53 68 81 56 70 35 39 69 31 18 14 71 17 68 25 11 95 95 14 26 53 
	 Removed: 14 46
The list after pass #32
58 20 97 62 71 43 77 66 46 12 27 58 82 41 53 68 81 56 70 35 39 69 31 18 14 71 17 68 25 11 95 95 14 26 53 
	 Removed: 66 46
The list after pass #33
58 20 97 62 71 43 77 12 27 58 82 41 53 68 81 56 70 35 39 69 31 18 14 71 17 68 25 11 95 95 14 26 53 
	 Removed: 12 27
The list after pass #34
58 20 97 62 71 43 77 58 82 41 53 68 81 56 70 35 39 69 31 18 14 71 17 68 25 11 95 95 14 26 53 
	 Removed: 58 82
The list after pass #35
58 20 97 62 71 43 77 41 53 68 81 56 70 35 39 69 31 18 14 71 17 68 25 11 95 95 14 26 53 
	 Removed: 68 81
The list after pass #36
58 20 97 62 71 43 77 41 53 56 70 35 39 69 31 18 14 71 17 68 25 11 95 95 14 26 53 
	 Removed: 53 56
The list after pass #37
58 20 97 62 71 43 77 41 70 35 39 69 31 18 14 71 17 68 25 11 95 95 14 26 53 
	 Removed: 35 39
The list after pass #38
58 20 97 62 71 43 77 41 70 69 31 18 14 71 17 68 25 11 95 95 14 26 53 
	 Removed: 31 18
The list after pass #39
58 20 97 62 71 43 77 41 70 69 14 71 17 68 25 11 95 95 14 26 53 
	 Removed: 14 71
The list after pass #40
58 20 97 62 71 43 77 41 70 69 17 68 25 11 95 95 14 26 53 
	 Removed: 95 95
The list after pass #41
58 20 97 62 71 43 77 41 70 69 17 68 25 11 14 26 53 
	 Removed: 11 14
The list after pass #42
58 20 97 62 71 43 77 41 70 69 17 68 25 26 53 
	 Removed: 25 26
The list after pass #43
58 20 97 62 71 43 77 41 70 69 17 68 53 
No more pairs to remove.
Shuffling the numbers.
The list after shuffling #2
53 58 69 20 68 97 71 41 77 43 62 70 17 
	 Removed: 53 58
The list after pass #44
69 20 68 97 71 41 77 43 62 70 17 
	 Removed: 97 71
The list after pass #45
69 20 68 41 77 43 62 70 17 
	 Removed: 70 17
The list after pass #46
69 20 68 41 77 43 62 
No more pairs to remove.
Shuffling the numbers.
The list after shuffling #3
41 77 62 69 68 20 43 
	 Removed: 62 69
The list after pass #47
41 77 68 20 43 
No more pairs to remove.
Shuffling the numbers.
The list after shuffling #4
41 68 43 77 20 
No more pairs to remove.
Shuffling the numbers.
The list after shuffling #5
41 20 77 43 68 
No more pairs to remove.

*** Better luck next time! ***