---> Setting up bingo game.
Enter number of players.
4
---> Creating bingo card for Player 1
B 1 4 7 12 13 
I 19 20 21 25 28 
N 36 38 43 44 45 
G 48 49 51 52 60 
O 61 62 65 66 67 

---> Creating bingo card for Player 2
B 4 5 9 13 14 
I 17 19 23 25 27 
N 31 32 34 43 45 
G 48 50 56 59 60 
O 61 62 68 69 71 

---> Creating bingo card for Player 3
B 8 10 11 13 14 
I 19 25 26 28 30 
N 33 35 39 40 44 
G 46 47 52 55 60 
O 63 64 65 70 75 

---> Creating bingo card for Player 4
B 6 8 10 12 15 
I 18 24 25 27 30 
N 31 35 36 39 45 
G 47 50 51 54 60 
O 64 69 72 73 74 

---> Starting the game with 4 players:
     *********************************

---> Calling: N 45
Player's 1 card:
B 1 4 7 12 13 
I 19 20 21 25 28 
N 0 36 38 43 44 45 
G 48 49 51 52 60 
O 61 62 65 66 67 





Player's 2 card:
B 4 5 9 13 14 
I 17 19 23 25 27 
N 0 31 32 34 43 45 
G 48 50 56 59 60 
O 61 62 68 69 71 





Player's 3 card:
B 8 10 11 13 14 
I 19 25 26 28 30 
N 33 35 39 40 44 
G 46 47 52 55 60 
O 63 64 65 70 75 






Player's 4 card:
B 6 8 10 12 15 
I 18 24 25 27 30 
N 0 31 35 36 39 45 
G 47 50 51 54 60 
O 64 69 72 73 74 





---> Calling: B 6
Player's 1 card:
B 1 4 7 12 13 
I 19 20 21 25 28 
N 0 36 38 43 44 45 
G 48 49 51 52 60 
O 61 62 65 66 67 





Player's 2 card:
B 4 5 9 13 14 
I 17 19 23 25 27 
N 0 31 32 34 43 45 
G 48 50 56 59 60 
O 61 62 68 69 71 





Player's 3 card:
B 8 10 11 13 14 
I 19 25 26 28 30 
N 33 35 39 40 44 
G 46 47 52 55 60 
O 63 64 65 70 75 






Player's 4 card:
B 0 6 8 10 12 15 
I 18 24 25 27 30 
N 0 31 35 36 39 45 
G 47 50 51 54 60 
O 64 69 72 73 74 




---> Calling: N 34
Player's 1 card:
B 1 4 7 12 13 
I 19 20 21 25 28 
N 0 36 38 43 44 45 
G 48 49 51 52 60 
O 61 62 65 66 67 





Player's 2 card:
B 4 5 9 13 14 
I 17 19 23 25 27 
N 0 31 32 34 43 45 
G 48 50 56 59 60 
O 61 62 68 69 71 





Player's 3 card:
B 8 10 11 13 14 
I 19 25 26 28 30 
N 33 35 39 40 44 
G 46 47 52 55 60 
O 63 64 65 70 75 






Player's 4 card:
B 0 6 8 10 12 15 
I 18 24 25 27 30 
N 0 31 35 36 39 45 
G 47 50 51 54 60 
O 64 69 72 73 74 




---> Calling: N 44
Player's 1 card:
B 1 4 7 12 13 
I 19 20 21 25 28 
N 0 36 38 43 44 45 
G 48 49 51 52 60 
O 61 62 65 66 67 





Player's 2 card:
B 4 5 9 13 14 
I 17 19 23 25 27 
N 0 31 32 34 43 45 
G 48 50 56 59 60 
O 61 62 68 69 71 





Player's 3 card:
B 8 10 11 13 14 
I 19 25 26 28 30 
N 0 33 35 39 40 44 
G 46 47 52 55 60 
O 63 64 65 70 75 





Player's 4 card:
B 0 6 8 10 12 15 
I 18 24 25 27 30 
N 0 31 35 36 39 45 
G 47 50 51 54 60 
O 64 69 72 73 74 




---> Calling: N 35
Player's 1 card:
B 1 4 7 12 13 
I 19 20 21 25 28 
N 0 36 38 43 44 45 
G 48 49 51 52 60 
O 61 62 65 66 67 





Player's 2 card:
B 4 5 9 13 14 
I 17 19 23 25 27 
N 0 31 32 34 43 45 
G 48 50 56 59 60 
O 61 62 68 69 71 





Player's 3 card:
B 8 10 11 13 14 
I 19 25 26 28 30 
N 0 33 35 39 40 44 
G 46 47 52 55 60 
O 63 64 65 70 75 





Player's 4 card:
B 0 6 8 10 12 15 
I 18 24 25 27 30 
N 0 31 35 36 39 45 
G 47 50 51 54 60 
O 64 69 72 73 74 




---> Calling: G 59
Player's 1 card:
B 1 4 7 12 13 
I 19 20 21 25 28 
N 0 36 38 43 44 45 
G 48 49 51 52 60 
O 61 62 65 66 67 





Player's 2 card:
B 4 5 9 13 14 
I 17 19 23 25 27 
N 0 31 32 34 43 45 
G 0 48 50 56 59 60 
O 61 62 68 69 71 




Player's 3 card:
B 8 10 11 13 14 
I 19 25 26 28 30 
N 0 33 35 39 40 44 
G 46 47 52 55 60 
O 63 64 65 70 75 





Player's 4 card:
B 0 6 8 10 12 15 
I 18 24 25 27 30 
N 0 31 35 36 39 45 
G 47 50 51 54 60 
O 64 69 72 73 74 




---> Calling: I 16
Player's 1 card:
B 1 4 7 12 13 
I 19 20 21 25 28 
N 0 36 38 43 44 45 
G 48 49 51 52 60 
O 61 62 65 66 67 





Player's 2 card:
B 4 5 9 13 14 
I 17 19 23 25 27 
N 0 31 32 34 43 45 
G 0 48 50 56 59 60 
O 61 62 68 69 71 




Player's 3 card:
B 8 10 11 13 14 
I 19 25 26 28 30 
N 0 33 35 39 40 44 
G 46 47 52 55 60 
O 63 64 65 70 75 





Player's 4 card:
B 0 6 8 10 12 15 
I 18 24 25 27 30 
N 0 31 35 36 39 45 
G 47 50 51 54 60 
O 64 69 72 73 74 




---> Calling: O 68
Player's 1 card:
B 1 4 7 12 13 
I 19 20 21 25 28 
N 0 36 38 43 44 45 
G 48 49 51 52 60 
O 61 62 65 66 67 





Player's 2 card:
B 4 5 9 13 14 
I 17 19 23 25 27 
N 0 31 32 34 43 45 
G 0 48 50 56 59 60 
O 0 61 62 68 69 71 



Player's 3 card:
B 8 10 11 13 14 
I 19 25 26 28 30 
N 0 33 35 39 40 44 
G 46 47 52 55 60 
O 63 64 65 70 75 





Player's 4 card:
B 0 6 8 10 12 15 
I 18 24 25 27 30 
N 0 31 35 36 39 45 
G 47 50 51 54 60 
O 64 69 72 73 74 




---> Calling: G 56
Player's 1 card:
B 1 4 7 12 13 
I 19 20 21 25 28 
N 0 36 38 43 44 45 
G 48 49 51 52 60 
O 61 62 65 66 67 





Player's 2 card:
B 4 5 9 13 14 
I 17 19 23 25 27 
N 0 31 32 34 43 45 
G 0 48 50 56 59 60 
O 0 61 62 68 69 71 



Player's 3 card:
B 8 10 11 13 14 
I 19 25 26 28 30 
N 0 33 35 39 40 44 
G 46 47 52 55 60 
O 63 64 65 70 75 





Player's 4 card:
B 0 6 8 10 12 15 
I 18 24 25 27 30 
N 0 31 35 36 39 45 
G 47 50 51 54 60 
O 64 69 72 73 74 




---> Calling: I 20
Player's 1 card:
B 1 4 7 12 13 
I 0 19 20 21 25 28 
N 0 36 38 43 44 45 
G 48 49 51 52 60 
O 61 62 65 66 67 




Player's 2 card:
B 4 5 9 13 14 
I 17 19 23 25 27 
N 0 31 32 34 43 45 
G 0 48 50 56 59 60 
O 0 61 62 68 69 71 



Player's 3 card:
B 8 10 11 13 14 
I 19 25 26 28 30 
N 0 33 35 39 40 44 
G 46 47 52 55 60 
O 63 64 65 70 75 





Player's 4 card:
B 0 6 8 10 12 15 
I 18 24 25 27 30 
N 0 31 35 36 39 45 
G 47 50 51 54 60 
O 64 69 72 73 74 




---> Calling: O 65
Player's 1 card:
B 1 4 7 12 13 
I 0 19 20 21 25 28 
N 0 36 38 43 44 45 
G 48 49 51 52 60 
O 0 61 62 65 66 67 



Player's 2 card:
B 4 5 9 13 14 
I 17 19 23 25 27 
N 0 31 32 34 43 45 
G 0 48 50 56 59 60 
O 0 61 62 68 69 71 



Player's 3 card:
B 8 10 11 13 14 
I 19 25 26 28 30 
N 0 33 35 39 40 44 
G 46 47 52 55 60 
O 0 63 64 65 70 75 




Player's 4 card:
B 0 6 8 10 12 15 
I 18 24 25 27 30 
N 0 31 35 36 39 45 
G 47 50 51 54 60 
O 64 69 72 73 74 




---> Calling: B 14
Player's 1 card:
B 1 4 7 12 13 
I 0 19 20 21 25 28 
N 0 36 38 43 44 45 
G 48 49 51 52 60 
O 0 61 62 65 66 67 



Player's 2 card:
B 0 4 5 9 13 14 
I 17 19 23 25 27 
N 0 31 32 34 43 45 
G 0 48 50 56 59 60 
O 0 61 62 68 69 71 


Player's 3 card:
B 0 8 10 11 13 14 
I 19 25 26 28 30 
N 0 33 35 39 40 44 
G 46 47 52 55 60 
O 0 63 64 65 70 75 



Player's 4 card:
B 0 6 8 10 12 15 
I 18 24 25 27 30 
N 0 31 35 36 39 45 
G 47 50 51 54 60 
O 64 69 72 73 74 




---> Calling: I 29
Player's 1 card:
B 1 4 7 12 13 
I 0 19 20 21 25 28 
N 0 36 38 43 44 45 
G 48 49 51 52 60 
O 0 61 62 65 66 67 



Player's 2 card:
B 0 4 5 9 13 14 
I 17 19 23 25 27 
N 0 31 32 34 43 45 
G 0 48 50 56 59 60 
O 0 61 62 68 69 71 


Player's 3 card:
B 0 8 10 11 13 14 
I 19 25 26 28 30 
N 0 33 35 39 40 44 
G 46 47 52 55 60 
O 0 63 64 65 70 75 



Player's 4 card:
B 0 6 8 10 12 15 
I 18 24 25 27 30 
N 0 31 35 36 39 45 
G 47 50 51 54 60 
O 64 69 72 73 74 




---> Calling: I 28
Player's 1 card:
B 1 4 7 12 13 
I 0 19 20 21 25 28 
N 0 36 38 43 44 45 
G 48 49 51 52 60 
O 0 61 62 65 66 67 



Player's 2 card:
B 0 4 5 9 13 14 
I 17 19 23 25 27 
N 0 31 32 34 43 45 
G 0 48 50 56 59 60 
O 0 61 62 68 69 71 


Player's 3 card:
B 0 8 10 11 13 14 
I 0 19 25 26 28 30 
N 0 33 35 39 40 44 
G 46 47 52 55 60 
O 0 63 64 65 70 75 


Player's 4 card:
B 0 6 8 10 12 15 
I 18 24 25 27 30 
N 0 31 35 36 39 45 
G 47 50 51 54 60 
O 64 69 72 73 74 




---> Calling: N 41
Player's 1 card:
B 1 4 7 12 13 
I 0 19 20 21 25 28 
N 0 36 38 43 44 45 
G 48 49 51 52 60 
O 0 61 62 65 66 67 



Player's 2 card:
B 0 4 5 9 13 14 
I 17 19 23 25 27 
N 0 31 32 34 43 45 
G 0 48 50 56 59 60 
O 0 61 62 68 69 71 


Player's 3 card:
B 0 8 10 11 13 14 
I 0 19 25 26 28 30 
N 0 33 35 39 40 44 
G 46 47 52 55 60 
O 0 63 64 65 70 75 


Player's 4 card:
B 0 6 8 10 12 15 
I 18 24 25 27 30 
N 0 31 35 36 39 45 
G 47 50 51 54 60 
O 64 69 72 73 74 




---> Calling: B 3
Player's 1 card:
B 1 4 7 12 13 
I 0 19 20 21 25 28 
N 0 36 38 43 44 45 
G 48 49 51 52 60 
O 0 61 62 65 66 67 



Player's 2 card:
B 0 4 5 9 13 14 
I 17 19 23 25 27 
N 0 31 32 34 43 45 
G 0 48 50 56 59 60 
O 0 61 62 68 69 71 


Player's 3 card:
B 0 8 10 11 13 14 
I 0 19 25 26 28 30 
N 0 33 35 39 40 44 
G 46 47 52 55 60 
O 0 63 64 65 70 75 


Player's 4 card:
B 0 6 8 10 12 15 
I 18 24 25 27 30 
N 0 31 35 36 39 45 
G 47 50 51 54 60 
O 64 69 72 73 74 




---> Calling: B 4
Player's 1 card:
B 0 1 4 7 12 13 
I 0 19 20 21 25 28 
N 0 36 38 43 44 45 
G 48 49 51 52 60 
O 0 61 62 65 66 67 


Player's 2 card:
B 0 4 5 9 13 14 
I 17 19 23 25 27 
N 0 31 32 34 43 45 
G 0 48 50 56 59 60 
O 0 61 62 68 69 71 


Player's 3 card:
B 0 8 10 11 13 14 
I 0 19 25 26 28 30 
N 0 33 35 39 40 44 
G 46 47 52 55 60 
O 0 63 64 65 70 75 


Player's 4 card:
B 0 6 8 10 12 15 
I 18 24 25 27 30 
N 0 31 35 36 39 45 
G 47 50 51 54 60 
O 64 69 72 73 74 




---> Calling: O 67
Player's 1 card:
B 0 1 4 7 12 13 
I 0 19 20 21 25 28 
N 0 36 38 43 44 45 
G 48 49 51 52 60 
O 0 61 62 65 66 67 


Player's 2 card:
B 0 4 5 9 13 14 
I 17 19 23 25 27 
N 0 31 32 34 43 45 
G 0 48 50 56 59 60 
O 0 61 62 68 69 71 


Player's 3 card:
B 0 8 10 11 13 14 
I 0 19 25 26 28 30 
N 0 33 35 39 40 44 
G 46 47 52 55 60 
O 0 63 64 65 70 75 


Player's 4 card:
B 0 6 8 10 12 15 
I 18 24 25 27 30 
N 0 31 35 36 39 45 
G 47 50 51 54 60 
O 64 69 72 73 74 




---> Calling: N 33
Player's 1 card:
B 0 1 4 7 12 13 
I 0 19 20 21 25 28 
N 0 36 38 43 44 45 
G 48 49 51 52 60 
O 0 61 62 65 66 67 


Player's 2 card:
B 0 4 5 9 13 14 
I 17 19 23 25 27 
N 0 31 32 34 43 45 
G 0 48 50 56 59 60 
O 0 61 62 68 69 71 


Player's 3 card:
B 0 8 10 11 13 14 
I 0 19 25 26 28 30 
N 0 33 35 39 40 44 
G 46 47 52 55 60 
O 0 63 64 65 70 75 


Player's 4 card:
B 0 6 8 10 12 15 
I 18 24 25 27 30 
N 0 31 35 36 39 45 
G 47 50 51 54 60 
O 64 69 72 73 74 




---> Calling: N 40
Player's 1 card:
B 0 1 4 7 12 13 
I 0 19 20 21 25 28 
N 0 36 38 43 44 45 
G 48 49 51 52 60 
O 0 61 62 65 66 67 


Player's 2 card:
B 0 4 5 9 13 14 
I 17 19 23 25 27 
N 0 31 32 34 43 45 
G 0 48 50 56 59 60 
O 0 61 62 68 69 71 


Player's 3 card:
B 0 8 10 11 13 14 
I 0 19 25 26 28 30 
N 0 33 35 39 40 44 
G 46 47 52 55 60 
O 0 63 64 65 70 75 


Player's 4 card:
B 0 6 8 10 12 15 
I 18 24 25 27 30 
N 0 31 35 36 39 45 
G 47 50 51 54 60 
O 64 69 72 73 74 




---> Calling: N 37
Player's 1 card:
B 0 1 4 7 12 13 
I 0 19 20 21 25 28 
N 0 36 38 43 44 45 
G 48 49 51 52 60 
O 0 61 62 65 66 67 


Player's 2 card:
B 0 4 5 9 13 14 
I 17 19 23 25 27 
N 0 31 32 34 43 45 
G 0 48 50 56 59 60 
O 0 61 62 68 69 71 


Player's 3 card:
B 0 8 10 11 13 14 
I 0 19 25 26 28 30 
N 0 33 35 39 40 44 
G 46 47 52 55 60 
O 0 63 64 65 70 75 


Player's 4 card:
B 0 6 8 10 12 15 
I 18 24 25 27 30 
N 0 31 35 36 39 45 
G 47 50 51 54 60 
O 64 69 72 73 74 




---> Calling: O 74
Player's 1 card:
B 0 1 4 7 12 13 
I 0 19 20 21 25 28 
N 0 36 38 43 44 45 
G 48 49 51 52 60 
O 0 61 62 65 66 67 


Player's 2 card:
B 0 4 5 9 13 14 
I 17 19 23 25 27 
N 0 31 32 34 43 45 
G 0 48 50 56 59 60 
O 0 61 62 68 69 71 


Player's 3 card:
B 0 8 10 11 13 14 
I 0 19 25 26 28 30 
N 0 33 35 39 40 44 
G 46 47 52 55 60 
O 0 63 64 65 70 75 


Player's 4 card:
B 0 6 8 10 12 15 
I 18 24 25 27 30 
N 0 31 35 36 39 45 
G 47 50 51 54 60 
O 0 64 69 72 73 74 



---> Calling: O 66
Player's 1 card:
B 0 1 4 7 12 13 
I 0 19 20 21 25 28 
N 0 36 38 43 44 45 
G 48 49 51 52 60 
O 0 61 62 65 66 67 


Player's 2 card:
B 0 4 5 9 13 14 
I 17 19 23 25 27 
N 0 31 32 34 43 45 
G 0 48 50 56 59 60 
O 0 61 62 68 69 71 


Player's 3 card:
B 0 8 10 11 13 14 
I 0 19 25 26 28 30 
N 0 33 35 39 40 44 
G 46 47 52 55 60 
O 0 63 64 65 70 75 


Player's 4 card:
B 0 6 8 10 12 15 
I 18 24 25 27 30 
N 0 31 35 36 39 45 
G 47 50 51 54 60 
O 0 64 69 72 73 74 



---> Calling: N 39
Player's 1 card:
B 0 1 4 7 12 13 
I 0 19 20 21 25 28 
N 0 36 38 43 44 45 
G 48 49 51 52 60 
O 0 61 62 65 66 67 


Player's 2 card:
B 0 4 5 9 13 14 
I 17 19 23 25 27 
N 0 31 32 34 43 45 
G 0 48 50 56 59 60 
O 0 61 62 68 69 71 


Player's 3 card:
B 0 8 10 11 13 14 
I 0 19 25 26 28 30 
N 0 33 35 39 40 44 
G 46 47 52 55 60 
O 0 63 64 65 70 75 


Player's 4 card:
B 0 6 8 10 12 15 
I 18 24 25 27 30 
N 0 31 35 36 39 45 
G 47 50 51 54 60 
O 0 64 69 72 73 74 



---> Calling: B 12
Player's 1 card:
B 0 1 4 7 12 13 
I 0 19 20 21 25 28 
N 0 36 38 43 44 45 
G 48 49 51 52 60 
O 0 61 62 65 66 67 


Player's 2 card:
B 0 4 5 9 13 14 
I 17 19 23 25 27 
N 0 31 32 34 43 45 
G 0 48 50 56 59 60 
O 0 61 62 68 69 71 


Player's 3 card:
B 0 8 10 11 13 14 
I 0 19 25 26 28 30 
N 0 33 35 39 40 44 
G 46 47 52 55 60 
O 0 63 64 65 70 75 


Player's 4 card:
B 0 6 8 10 12 15 
I 18 24 25 27 30 
N 0 31 35 36 39 45 
G 47 50 51 54 60 
O 0 64 69 72 73 74 



---> Calling: I 19
Player's 1 card:
B 0 1 4 7 12 13 
I 0 19 20 21 25 28 
N 0 36 38 43 44 45 
G 48 49 51 52 60 
O 0 61 62 65 66 67 


Player's 2 card:
B 0 4 5 9 13 14 
I 0 17 19 23 25 27 
N 0 31 32 34 43 45 
G 0 48 50 56 59 60 
O 0 61 62 68 69 71 

!!! Player 2 says BINGO !!!
27 chips were called.

Process finished with exit code 0
