How many nodes in your graph?
10
Probability of edge? (type 70 for 70%)
70
***** GENERATED GRAPH *****
     [ 1][ 2][ 3][ 4][ 5][ 6][ 7][ 8][ 9][10]
[ 1]               2   2   9   4   8        
[ 2]           5   9   5   3   5   4       3
[ 3]       5      10   4           4   5    
[ 4]   2   9  10          10   7   4      10
[ 5]   2   5   4           5   1       1   1
[ 6]   9   3      10   5       6   6       7
[ 7]   4   5       7   1   6      10  10   6
[ 8]   8   4   4   4       6  10           2
[ 9]           5       1      10           3
[10]       3      10   1   7   6   2   3    


***** MINIMUM SPANNING TREE FOR THE ABOVE GRAPH *****
     [ 1][ 2][ 3][ 4][ 5][ 6][ 7][ 8][ 9][10]
[ 1]               2   2                    
[ 2]                       3               3
[ 3]                   4                    
[ 4]   2                                    
[ 5]   2       4               1       1   1
[ 6]       3                                
[ 7]                   1                    
[ 8]                                       2
[ 9]                   1                    
[10]       3           1           2        














How many nodes in your graph?
15
Probability of edge? (type 70 for 70%)
35
***** GENERATED GRAPH *****
     [ 1][ 2][ 3][ 4][ 5][ 6][ 7][ 8][ 9][10][11][12][13][14][15]
[ 1]       7      15                      14               6    
[ 2]   7                  12                       7  11   5    
[ 3]                      15       2   4          12           2
[ 4]  15                                                   8  10
[ 5]                               8      14      12   2   1   5
[ 6]      12  15               9   5          13   3          14
[ 7]                       9       7           6                
[ 8]           2       8   5   7               8   1      13   7
[ 9]           4                                          15    
[10]  14              14                               1       3
[11]                      13   6   8                            
[12]       7  12      12   3       1                           2
[13]      11           2                   1                   7
[14]   6   5       8   1          13  15                        
[15]           2  10   5  14       7       3       2   7        


***** MINIMUM SPANNING TREE FOR THE ABOVE GRAPH *****
     [ 1][ 2][ 3][ 4][ 5][ 6][ 7][ 8][ 9][10][11][12][13][14][15]
[ 1]                                                       6    
[ 2]                                                       5    
[ 3]                               2   4                       2
[ 4]                                                       8    
[ 5]                                                   2   1    
[ 6]                                               3            
[ 7]                               7           6                
[ 8]           2               7                   1            
[ 9]           4                                                
[10]                                                   1       3
[11]                           6                                
[12]                       3       1                            
[13]                   2                   1                    
[14]   6   5       8   1                                        
[15]           2                           3                    
